2021030	2021-01-30（六）	1012131421222325272829333444485560707780	-	
2021029	2021-01-29（五）	0207091724272829303335414849515968697779	38039436	
2021028	2021-01-28（四）	0613171819202325335055565859616267687380	35322286	
2021027	2021-01-27（三）	0708131419262829313545515354596162637780	35296390	
2021026	2021-01-26（二）	0609121516232526283334374142445253546178	34500112	
2021025	2021-01-25（一）	0208111315171820252629303745505152606375	33876830	
2021024	2021-01-24（日）	0106070912181920232434415253596267697280	32182998	
2021023	2021-01-23（六）	0204060910121314182335394552596067687074	32339110	
2021022	2021-01-22（五）	0102030506121517212226293033434951585961	33538882	
2021021	2021-01-21（四）	0306121315212528323442454654556063657078	31266344	
2021020	2021-01-20（三）	0411131416171920252829303435416570747677	29892940	
2021019	2021-01-19（二）	0204051217192431353638414244535660707680	29784294	
2021018	2021-01-18（一）	0318202225303740434550516165677274757678	30298910	
2021017	2021-01-17（日）	0710121520343743454851545758596162737680	28082544	
2021016	2021-01-16（六）	0405070910111317253032545557606470727476	28325410	
2021015	2021-01-15（五）	0204101618273738394043464749505660627175	29670590	
2021014	2021-01-14（四）	0711193436373839424757606269727375767778	27737202	
2021013	2021-01-13（三）	0513151619222728364143485056606567727780	26719730	
2021012	2021-01-12（二）	0204061016171924273034384044484956606366	27061170	
2021011	2021-01-11（一）	0110112426273238495960636668697172737677	26521230	
2021010	2021-01-10（日）	0205091416222426323536374041444965707174	26873606	
2021009	2021-01-09（六）	0203131625283537414546484950526162657076	26930652	
2021008	2021-01-08（五）	0405080913192021242840485057636566697075	29754102	
2021007	2021-01-07（四）	0507101114162122253540464952546466686970	23506638	
2021006	2021-01-06（三）	0507101416171925323435384043515354577377	24000702	
2021005	2021-01-05（二）	0309141517192327283033353654575863656972	21711334	
2021004	2021-01-04（一）	0308111213141622232733374648515253637580	21198050	
2021003	2021-01-03（日）	0711131416172023273031333437435355626669	20500668	
2021002	2021-01-02（六）	0610111314283036394344474859676971737579	20847282	
2021001	2021-01-01（五）	0912161833364041464851535455596162636875	22897112	
2020065	2020-12-31（四）	0708092134353940424451555863676871727579	19266784
2020064	2020-12-30（三）	0103070812273032333942484952576265707379	17683024	
2020063	2020-12-29（二）	0204131527293137424347505154566061627577	17928074	
2020062	2020-12-28（一）	0102060708102733344042454651565860627076	18836996	
2020061	2020-12-27（日）	1012131923242830353940434546505962677179	16906722	
2020060	2020-12-26（六）	0104121518414547485253585962646566737479	17392058	
2020059	2020-12-25（五）	0412141617212223273038414447485760626469	19597900	
2020058	2020-12-24（四）	0104071314162123253337394051566168707174	16564764	
2020057	2020-12-23（三）	0310131624303137414446475052566061687280	15961954	
2020056	2020-12-22（二）	0204081214162328363738414346495155565770	15405986	
2020055	2020-12-21（一）	0210131516242829323435394649545765707477	15371594	
2020054	2020-12-20（日）	0407111415192425333439414752616468727378	14713890	
2020053	2020-12-19（六）	0206111517242528293034424348505362647072	14805592	
2020052	2020-12-18（五）	0102050607091819242627344041535456636574	16130748	
2020051	2020-12-17（四）	0104081115212334383941475160687173767779	14125942	
2020050	2020-12-16（三）	0405081415202329414250515360676870717679	13882504	
2020049	2020-12-15（二）	0712151819202931424652545963656770717780	13176008	
2020048	2020-12-14（一）	0210111215192027323645475362666769737879	11786010	
2020047	2020-12-13（日）	0405101718222728374243454648495154556678	11921938	
2020046	2020-12-12（六）	0305111518192730323336373942515466687179	12270858	
2020045	2020-12-11（五）	0306131419222330313538414452596370737578	12986938	
2020044	2020-12-10（四）	0203070911121626283233344445464852576366	10705672	
2020043	2020-12-09（三）	0509131819213335383940444857646567686976	10608832	
2020042	2020-12-08（二）	0205060811192634404349525358606163727576	10163990	
2020041	2020-12-07（一）	0613192126303738394142454748525362727580	10210084	
2020040	2020-12-06（日）	0304070816263233374142455659616365667680	9897416	
2020039	2020-12-05（六）	0103070911171923323438404243526168707780	9689096	
2020038	2020-12-04（五）	1012141516232427303233424950516066677277	10395566	
2020037	2020-12-03（四）	0810141525333436394041444856606364707780	9331688	
2020036	2020-12-02（三）	0309141622232426404147495456586567727377	9987752	
2020035	2020-12-01（二）	0305070811192430324044455354576372767780	9515226
2020034	2020-11-30（一）	0104081824263032354244485157616365687374	10225948	
2020033	2020-11-29（日）	0410121619252628323436394250546166717580	9931892	
2020032	2020-11-28（六）	0209101329323747485056646869727375767778	10453914	
2020031	2020-11-27（五）	0104080916212325354348535457666773757980	11530152	
2020030	2020-11-26（四）	0205071822232729303234374051565862677078	10459834	
2020029	2020-11-25（三）	1015232529303133485051545762637071757679	10890350	
2020028	2020-11-24（二）	0506081317222728303240616364656671747576	10537440	
2020027	2020-11-23（一）	0811121619303233404547505458596162767980	11209136	
2020026	2020-11-22（日）	0203061118223034353746485357616871777980	10128142	
2020025	2020-11-21（六）	0204061021323337394048495961636465707980	10986986	
2020024	2020-11-20（五）	1112151728353743444649505560707173767880	12594940	
2020023	2020-11-19（四）	0103040710131516253032363846485161646780	11100440	
2020022	2020-11-18（三）	0306111213181924303233353647515862687072	11673230	
2020021	2020-11-17（二）	0304101316172435384348505458597072737475	11057398	
2020020	2020-11-16（一）	0306091116373940414849515255565758617078	12015458	
2020019	2020-11-15（日）	0203070809112223283134395761647172767780	11205788	
2020018	2020-11-14（六）	0305121620212227323639454951585963707276	12091406	
2020017	2020-11-13（五）	0910131819202930343642444951535669767779	13331962	
2020016	2020-11-12（四）	0409111213171922243536434748495557586471	11377454	
2020015	2020-11-11（三）	0509151617253041434651526165697072737476	11754308	
2020014	2020-11-10（二）	0215192023262938404243454951646674757680	11566726	
2020013	2020-11-09（一）	0611131621252837383943505161626469737679	12344220	
2020012	2020-11-08（日）	0204050710111519204446475459646671747577	11848780	
2020011	2020-11-07（六）	0103071318192021223137394050545663646979	12485540	
2020010	2020-11-06（五）	0407101821303235363842495355637074757879	13685884	
2020009	2020-11-05（四）	0608101217273032343943475155586168727580	12525542	
2020008	2020-11-04（三）	0205091113192829303334414853585972757880	11416024	
2020007	2020-11-03（二）	0810121326272931363841445357586066687578	11042934	
2020006	2020-11-02（一）	0208161820232425262832485456576061727880	11320890	
2020005	2020-11-01（日）	0211131416182430353845495051535455576580	11517768
2020004	2020-10-31（六）	0710121419222326354243444849536365717778	12151636	
2020003	2020-10-30（五）	0408141821404142465052555657617072757780	13427860	
2020002	2020-10-29（四）	0205101319232629323542535557586062677879	12207248	
2020001	2020-10-28（三）	0608152728303738394446495152597075777880	16754776